#Entity   SMCLK        MMCLK        DVCCTR                      MMTMP             TMPTR        POWER             TOTEC                   PSTAT        FANSP        GPUTL             MCUTL             ECUTL             DCUTL             MUSAM             GUSAM             PVIOL             TVIOL             SBVIO             BLVIO                       LUVIO                       RVIOL                       TAPCV                       TAPBC                       FBUSD             GRACT        SMACT        SMOCC        TENSO        DRAMA        FP64A        FP32A        FP16A        PCITX                       PCIRX                       NVLTX                       NVLRX                       
ID                                                              C                  C            W                 mJ                                                                                                                                                                                                                                                                                                                                                                                                                                                                                                                                                                                                       
GPU 0     1410         1512         0                           74                65           83.080            17394559267             0            N/A          2                 0                 0                 0                 0.000             98.000            0                 0                 0                 0                           0                           0                           97156836907392              94356903140384              444               1.000        1.000        0.296        0.000        0.000        0.000        0.000        0.000        94873756                    45906656                    0                           0                           
GPU 0     1410         1512         0                           74                65           253.161           17394575205             0            N/A          40                0                 0                 0                 0.000             39.000            0                 0                 0                 0                           0                           0                           97156836907392              94356903140384              444               0.998        0.000        0.000        0.000        0.000        0.000        0.000        0.000        896016                      1040988                     0                           0                           
GPU 0     1410         1512         0                           74                69           256.699           17394601032             0            N/A          40                0                 0                 0                 0.000             39.000            0                 0                 0                 0                           0                           0                           97156836907392              94356903140384              444               0.998        0.794        0.186        0.000        0.000        0.000        0.000        0.000        4781232                     3405714                     0                           0                           
GPU 0     1410         1512         0                           74                70           260.293           17394627077             0            N/A          100               0                 0                 0                 0.000             99.000            0                 0                 0                 0                           0                           0                           97156836907392              94356903140384              444               0.998        0.794        0.186        0.000        0.000        0.000        0.000        0.000        4781232                     3405714                     0                           0                           
GPU 0     1410         1512         0                           74                70           262.051           17394653647             0            N/A          100               0                 0                 0                 0.000             99.000            0                 0                 0                 0                           0                           0                           97156836907392              94356903140384              444               0.998        0.795        0.187        0.000        0.000        0.000        0.000        0.000        6281554                     4515138                     0                           0                           
GPU 0     1410         1512         0                           74                70           259.817           17394679650             0            N/A          100               0                 0                 0                 0.000             99.000            0                 0                 0                 0                           0                           0                           97156836907392              94356903140384              444               0.998        0.790        0.185        0.000        0.000        0.000        0.000        0.000        7338044                     5134843                     0                           0                           
GPU 0     1410         1512         0                           74                70           257.764           17394705761             0            N/A          100               0                 0                 0                 0.000             99.000            0                 0                 0                 0                           0                           0                           97156836907392              94356903140384              444               0.998        0.790        0.186        0.000        0.000        0.000        0.000        0.000        2024006                     1643621                     0                           0                           
GPU 0     1410         1512         0                           74                71           260.488           17394731658             0            N/A          100               0                 0                 0                 0.000             99.000            0                 0                 0                 0                           0                           0                           97156836907392              94356903140384              444               0.998        0.000        0.000        0.000        0.000        0.000        0.000        0.000        2709944                     2081789                     0                           0                           
GPU 0     1410         1512         0                           74                71           257.762           17394757938             0            N/A          100               0                 0                 0                 0.000             99.000            0                 0                 0                 0                           0                           0                           97156836907392              94356903140384              444               0.998        0.794        0.186        0.000        0.000        0.000        0.000        0.000        7232963                     5121671                     0                           0                           
GPU 0     1410         1512         0                           74                71           260.699           17394784012             0            N/A          100               0                 0                 0                 0.000             99.000            0                 0                 0                 0                           0                           0                           97156836907392              94356903140384              444               0.998        0.790        0.187        0.000        0.000        0.000        0.000        0.000        2259009                     1800692                     0                           0                           
GPU 0     1410         1512         0                           74                71           261.279           17394810089             0            N/A          100               0                 0                 0                 0.000             99.000            0                 0                 0                 0                           0                           0                           97156836907392              94356903140384              444               0.998        0.795        0.188        0.000        0.000        0.000        0.000        0.000        7000338                     4945812                     0                           0                           
GPU 0     1410         1512         0                           74                71           260.313           17394836147             0            N/A          100               0                 0                 0                 0.000             99.000            0                 0                 0                 0                           0                           0                           97156836907392              94356903140384              444               0.998        0.793        0.187        0.000        0.000        0.000        0.000        0.000        4157982                     3028306                     0                           0                           
GPU 0     1410         1512         0                           74                71           261.184           17394862177             0            N/A          100               0                 0                 0                 0.000             99.000            0                 0                 0                 0                           0                           0                           97156836907392              94356903140384              444               0.998        0.790        0.186        0.000        0.000        0.000        0.000        0.000        6091456                     4404259                     0                           0                           
GPU 0     1410         1512         0                           74                71           259.037           17394888358             0            N/A          100               0                 0                 0                 0.000             99.000            0                 0                 0                 0                           0                           0                           97156836907392              94356903140384              444               0.997        0.000        0.000        0.000        0.000        0.000        0.000        0.000        7496536                     5166640                     0                           0                           
GPU 0     1410         1512         0                           74                71           259.220           17394914618             0            N/A          100               0                 0                 0                 0.000             99.000            0                 0                 0                 0                           0                           0                           97156836907392              94356903140384              444               0.997        0.782        0.184        0.000        0.000        0.000        0.000        0.000        3021783                     2243224                     0                           0                           
#Entity   SMCLK        MMCLK        DVCCTR                      MMTMP             TMPTR        POWER             TOTEC                   PSTAT        FANSP        GPUTL             MCUTL             ECUTL             DCUTL             MUSAM             GUSAM             PVIOL             TVIOL             SBVIO             BLVIO                       LUVIO                       RVIOL                       TAPCV                       TAPBC                       FBUSD             GRACT        SMACT        SMOCC        TENSO        DRAMA        FP64A        FP32A        FP16A        PCITX                       PCIRX                       NVLTX                       NVLRX                       
ID                                                              C                  C            W                 mJ                                                                                                                                                                                                                                                                                                                                                                                                                                                                                                                                                                                                       
GPU 0     1410         1512         0                           74                71           261.965           17394940607             0            N/A          100               0                 0                 0                 0.000             99.000            0                 0                 0                 0                           0                           0                           97156836907392              94356903140384              444               0.998        0.792        0.186        0.000        0.000        0.000        0.000        0.000        8620546                     5738874                     0                           0                           
GPU 0     1410         1512         0                           74                71           259.335           17394966920             0            N/A          100               0                 0                 0                 0.000             99.000            0                 0                 0                 0                           0                           0                           97156836907392              94356903140384              444               0.997        0.790        0.185        0.000        0.000        0.000        0.000        0.000        1056222                     1176451                     0                           0                           
GPU 0     1410         1512         0                           74                71           258.754           17395019127             0            N/A          100               0                 0                 0                 0.000             99.000            0                 0                 0                 0                           0                           0                           97156836907392              94356903140384              444               0.997        0.790        0.186        0.000        0.000        0.000        0.000        0.000        1539756                     1407203                     0                           0                           
GPU 0     1410         1512         0                           75                71           259.432           17395045275             0            N/A          100               0                 0                 0                 0.000             99.000            0                 0                 0                 0                           0                           0                           97156836907392              94356903140384              444               0.998        0.790        0.185        0.000        0.000        0.000        0.000        0.000        5791036                     3985118                     0                           0                           
GPU 0     1410         1512         0                           74                71           258.657           17395071296             0            N/A          100               0                 0                 0                 0.000             99.000            0                 0                 0                 0                           0                           0                           97156836907392              94356903140384              444               0.998        0.000        0.000        0.000        0.000        0.000        0.000        0.000        4598124                     3536644                     0                           0                           
GPU 0     1410         1512         0                           74                71           262.157           17395097379             0            N/A          100               0                 0                 0                 0.000             99.000            0                 0                 0                 0                           0                           0                           97156836907392              94356903140384              444               0.998        0.797        0.186        0.000        0.000        0.000        0.000        0.000        4623803                     3371332                     0                           0                           
GPU 0     1410         1512         0                           74                71           259.529           17395123498             0            N/A          100               0                 0                 0                 0.000             99.000            0                 0                 0                 0                           0                           0                           97156836907392              94356903140384              444               0.998        0.793        0.187        0.000        0.000        0.000        0.000        0.000        5245817                     3928296                     0                           0                           
GPU 0     1410         1512         0                           74                71           259.535           17395149703             0            N/A          100               0                 0                 0                 0.000             99.000            0                 0                 0                 0                           0                           0                           97156836907392              94356903140384              444               0.997        0.795        0.188        0.000        0.000        0.000        0.000        0.000        2477883                     1976658                     0                           0                           
GPU 0     1410         1512         0                           74                71           259.529           17395175922             0            N/A          100               0                 0                 0                 0.000             99.000            0                 0                 0                 0                           0                           0                           97156836907392              94356903140384              444               0.997        0.795        0.188        0.000        0.000        0.000        0.000        0.000        5509987                     4142703                     0                           0                           
GPU 0     1410         1512         0                           74                71           258.465           17395201866             0            N/A          100               0                 0                 0                 0.000             99.000            0                 0                 0                 0                           0                           0                           97156836907392              94356903140384              444               0.997        0.795        0.188        0.000        0.000        0.000        0.000        0.000        5509987                     4142703                     0                           0                           
GPU 0     1410         1512         0                           74                71           262.446           17395227995             0            N/A          100               0                 0                 0                 0.000             99.000            0                 0                 0                 0                           0                           0                           97156836907392              94356903140384              444               0.998        0.790        0.185        0.000        0.000        0.000        0.000        0.000        4566007                     3268933                     0                           0                           
GPU 0     1410         1512         0                           74                71           259.817           17395254220             0            N/A          100               0                 0                 0                 0.000             99.000            0                 0                 0                 0                           0                           0                           97156836907392              94356903140384              444               0.998        0.000        0.000        0.000        0.000        0.000        0.000        0.000        2766925                     2079208                     0                           0                           
GPU 0     1410         1512         0                           74                71           262.158           17395280303             0            N/A          100               0                 0                 0                 0.000             99.000            0                 0                 0                 0                           0                           0                           97156836907392              94356903140384              444               0.998        0.789        0.185        0.000        0.000        0.000        0.000        0.000        10557523                    7065058                     0                           0                           
GPU 0     1410         1512         0                           74                71           259.912           17395306466             0            N/A          100               0                 0                 0                 0.000             99.000            0                 0                 0                 0                           0                           0                           97156836907392              94356903140384              444               0.998        0.790        0.185        0.000        0.000        0.000        0.000        0.000        2767072                     2095645                     0                           0                           
#Entity   SMCLK        MMCLK        DVCCTR                      MMTMP             TMPTR        POWER             TOTEC                   PSTAT        FANSP        GPUTL             MCUTL             ECUTL             DCUTL             MUSAM             GUSAM             PVIOL             TVIOL             SBVIO             BLVIO                       LUVIO                       RVIOL                       TAPCV                       TAPBC                       FBUSD             GRACT        SMACT        SMOCC        TENSO        DRAMA        FP64A        FP32A        FP16A        PCITX                       PCIRX                       NVLTX                       NVLRX                       
ID                                                              C                  C            W                 mJ                                                                                                                                                                                                                                                                                                                                                                                                                                                                                                                                                                                                       
GPU 0     1410         1512         0                           74                71           257.780           17395332650             0            N/A          100               0                 0                 0                 0.000             99.000            0                 0                 0                 0                           0                           0                           97156836907392              94356903140384              444               0.998        0.790        0.186        0.000        0.000        0.000        0.000        0.000        7809584                     5376096                     0                           0                           
GPU 0     1410         1512         0                           74                71           262.531           17395358724             0            N/A          100               0                 0                 0                 0.000             99.000            0                 0                 0                 0                           0                           0                           97156836907392              94356903140384              444               0.997        0.793        0.187        0.000        0.000        0.000        0.000        0.000        2136958                     1752026                     0                           0                           
GPU 0     1410         1512         0                           74                71           258.841           17395385063             0            N/A          100               0                 0                 0                 0.000             99.000            0                 0                 0                 0                           0                           0                           97156836907392              94356903140384              444               0.998        0.790        0.186        0.000        0.000        0.000        0.000        0.000        8191738                     5568618                     0                           0                           
GPU 0     1410         1512         0                           75                71           260.222           17395411107             0            N/A          100               0                 0                 0                 0.000             99.000            0                 0                 0                 0                           0                           0                           97156836907392              94356903140384              444               0.997        0.000        0.000        0.000        0.000        0.000        0.000        0.000        3906645                     2934328                     0                           0                           
GPU 0     1410         1512         0                           74                71           259.913           17395437168             0            N/A          100               0                 0                 0                 0.000             99.000            0                 0                 0                 0                           0                           0                           97156836907392              94356903140384              444               0.998        0.793        0.187        0.000        0.000        0.000        0.000        0.000        8549065                     5718735                     0                           0                           
GPU 0     1410         1512         0                           74                71           257.968           17395463314             0            N/A          100               0                 0                 0                 0.000             99.000            0                 0                 0                 0                           0                           0                           97156836907392              94356903140384              444               0.997        0.790        0.186        0.000        0.000        0.000        0.000        0.000        5161576                     3809348                     0                           0                           
GPU 0     1410         1512         0                           74                71           261.382           17395463314             0            N/A          100               0                 0                 0                 0.000             99.000            0                 0                 0                 0                           0                           0                           97156836907392              94356903140384              444               0.997        0.790        0.186        0.000        0.000        0.000        0.000        0.000        8435532                     5712393                     0                           0                           
GPU 0     1410         1512         0                           74                71           260.596           17395489394             0            N/A          100               0                 0                 0                 0.000             99.000            0                 0                 0                 0                           0                           0                           97156836907392              94356903140384              444               0.998        0.792        0.186        0.000        0.000        0.000        0.000        0.000        5931697                     4161766                     0                           0                           
GPU 0     1410         1512         0                           74                71           260.713           17395515683             0            N/A          100               0                 0                 0                 0.000             99.000            0                 0                 0                 0                           0                           0                           97156836907392              94356903140384              444               0.998        0.796        0.188        0.000        0.000        0.000        0.000        0.000        7269704                     5088903                     0                           0                           
GPU 0     1410         1512         0                           74                71           259.517           17395541876             0            N/A          100               0                 0                 0                 0.000             99.000            0                 0                 0                 0                           0                           0                           97156836907392              94356903140384              444               0.997        0.000        0.000        0.000        0.000        0.000        0.000        0.000        4714294                     3609385                     0                           0                           
GPU 0     1410         1512         0                           74                71           258.157           17395567845             0            N/A          100               0                 0                 0                 0.000             99.000            0                 0                 0                 0                           0                           0                           97156836907392              94356903140384              444               0.998        0.791        0.186        0.000        0.000        0.000        0.000        0.000        7136308                     5027352                     0                           0                           
GPU 0     1410         1512         0                           74                71           260.904           17395594107             0            N/A          100               0                 0                 0                 0.000             99.000            0                 0                 0                 0                           0                           0                           97156836907392              94356903140384              444               0.998        0.790        0.185        0.000        0.000        0.000        0.000        0.000        5166708                     3872915                     0                           0                           
GPU 0     1410         1512         0                           74                71           261.182           17395620309             0            N/A          100               0                 0                 0                 0.000             99.000            0                 0                 0                 0                           0                           0                           97156836907392              94356903140384              444               0.998        0.793        0.187        0.000        0.000        0.000        0.000        0.000        7280603                     5095078                     0                           0                           
GPU 0     1410         1512         0                           74                71           258.650           17395646389             0            N/A          100               0                 0                 0                 0.000             99.000            0                 0                 0                 0                           0                           0                           97156836907392              94356903140384              444               0.998        0.793        0.187        0.000        0.000        0.000        0.000        0.000        5125799                     3840101                     0                           0                           
#Entity   SMCLK        MMCLK        DVCCTR                      MMTMP             TMPTR        POWER             TOTEC                   PSTAT        FANSP        GPUTL             MCUTL             ECUTL             DCUTL             MUSAM             GUSAM             PVIOL             TVIOL             SBVIO             BLVIO                       LUVIO                       RVIOL                       TAPCV                       TAPBC                       FBUSD             GRACT        SMACT        SMOCC        TENSO        DRAMA        FP64A        FP32A        FP16A        PCITX                       PCIRX                       NVLTX                       NVLRX                       
ID                                                              C                  C            W                 mJ                                                                                                                                                                                                                                                                                                                                                                                                                                                                                                                                                                                                       
GPU 0     1410         1512         0                           74                71           259.534           17395672557             0            N/A          100               0                 0                 0                 0.000             99.000            0                 0                 0                 0                           0                           0                           97156836907392              94356903140384              444               0.998        0.792        0.186        0.000        0.000        0.000        0.000        0.000        4212091                     2906063                     0                           0                           
GPU 0     1410         1512         0                           74                71           261.568           17395698751             0            N/A          100               0                 0                 0                 0.000             99.000            0                 0                 0                 0                           0                           0                           97156836907392              94356903140384              444               0.998        0.000        0.000        0.000        0.000        0.000        0.000        0.000        5050003                     3814084                     0                           0                           
GPU 0     1410         1512         0                           75                71           259.616           17395724934             0            N/A          100               0                 0                 0                 0.000             99.000            0                 0                 0                 0                           0                           0                           97156836907392              94356903140384              444               0.997        0.779        0.181        0.000        0.000        0.000        0.000        0.000        3300011                     2400439                     0                           0                           
GPU 0     1410         1512         0                           75                71           261.964           17395751087             0            N/A          100               0                 0                 0                 0.000             99.000            0                 0                 0                 0                           0                           0                           97156836907392              94356903140384              444               0.998        0.795        0.187        0.000        0.000        0.000        0.000        0.000        3044783                     2296551                     0                           0                           
GPU 0     1410         1512         0                           74                71           259.227           17395777143             0            N/A          100               0                 0                 0                 0.000             99.000            0                 0                 0                 0                           0                           0                           97156836907392              94356903140384              444               0.997        0.795        0.188        0.000        0.000        0.000        0.000        0.000        5744101                     3967274                     0                           0                           
GPU 0     1410         1512         0                           74                71           258.739           17395803353             0            N/A          100               0                 0                 0                 0.000             99.000            0                 0                 0                 0                           0                           0                           97156836907392              94356903140384              444               0.998        0.795        0.187        0.000        0.000        0.000        0.000        0.000        2595430                     2046775                     0                           0                           
GPU 0     1410         1512         0                           74                71           262.349           17395829585             0            N/A          100               0                 0                 0                 0.000             99.000            0                 0                 0                 0                           0                           0                           97156836907392              94356903140384              444               0.998        0.790        0.185        0.000        0.000        0.000        0.000        0.000        4678235                     3379206                     0                           0                           
GPU 0     1410         1512         0                           74                71           259.817           17395855743             0            N/A          100               0                 0                 0                 0.000             99.000            0                 0                 0                 0                           0                           0                           97156836907392              94356903140384              444               0.998        0.000        0.000        0.000        0.000        0.000        0.000        0.000        6981206                     4951498                     0                           0                           
GPU 0     1410         1512         0                           74                71           262.446           17395881854             0            N/A          100               0                 0                 0                 0.000             99.000            0                 0                 0                 0                           0                           0                           97156836907392              94356903140384              444               0.997        0.794        0.186        0.000        0.000        0.000        0.000        0.000        2804042                     2170059                     0                           0                           
GPU 0     1410         1512         0                           74                71           260.977           17395908164             0            N/A          100               0                 0                 0                 0.000             99.000            0                 0                 0                 0                           0                           0                           97156836907392              94356903140384              444               0.998        0.792        0.186        0.000        0.000        0.000        0.000        0.000        6973587                     4886414                     0                           0                           
GPU 0     1410         1512         0                           74                71           257.889           17395934224             0            N/A          100               0                 0                 0                 0.000             99.000            0                 0                 0                 0                           0                           0                           97156836907392              94356903140384              444               0.997        0.793        0.187        0.000        0.000        0.000        0.000        0.000        853584                      1055760                     0                           0                           
GPU 0     1410         1512         0                           74                71           262.543           17395960376             0            N/A          100               0                 0                 0                 0.000             99.000            0                 0                 0                 0                           0                           0                           97156836907392              94356903140384              444               0.998        0.795        0.188        0.000        0.000        0.000        0.000        0.000        2791450                     2136466                     0                           0                           
GPU 0     1410         1512         0                           74                71           260.035           17395986540             0            N/A          100               0                 0                 0                 0.000             99.000            0                 0                 0                 0                           0                           0                           97156836907392              94356903140384              444               0.998        0.790        0.186        0.000        0.000        0.000        0.000        0.000        8639886                     6102122                     0                           0                           
GPU 0     1410         1512         0                           74                71           257.683           17396012672             0            N/A          100               0                 0                 0                 0.000             99.000            0                 0                 0                 0                           0                           0                           97156836907392              94356903140384              444               0.997        0.000        0.000        0.000        0.000        0.000        0.000        0.000        3028880                     2275637                     0                           0                           
#Entity   SMCLK        MMCLK        DVCCTR                      MMTMP             TMPTR        POWER             TOTEC                   PSTAT        FANSP        GPUTL             MCUTL             ECUTL             DCUTL             MUSAM             GUSAM             PVIOL             TVIOL             SBVIO             BLVIO                       LUVIO                       RVIOL                       TAPCV                       TAPBC                       FBUSD             GRACT        SMACT        SMOCC        TENSO        DRAMA        FP64A        FP32A        FP16A        PCITX                       PCIRX                       NVLTX                       NVLRX                       
ID                                                              C                  C            W                 mJ                                                                                                                                                                                                                                                                                                                                                                                                                                                                                                                                                                                                       
GPU 0     1410         1512         0                           75                71           262.256           17396038769             0            N/A          100               0                 0                 0                 0.000             99.000            0                 0                 0                 0                           0                           0                           97156836907392              94356903140384              444               0.998        0.790        0.186        0.000        0.000        0.000        0.000        0.000        6893880                     4793956                     0                           0                           
GPU 0     1410         1512         0                           75                71           260.309           17396064926             0            N/A          100               0                 0                 0                 0.000             99.000            0                 0                 0                 0                           0                           0                           97156836907392              94356903140384              444               0.997        0.790        0.186        0.000        0.000        0.000        0.000        0.000        2783272                     2144684                     0                           0                           
GPU 0     1410         1512         0                           74                71           258.171           17396090959             0            N/A          100               0                 0                 0                 0.000             99.000            0                 0                 0                 0                           0                           0                           97156836907392              94356903140384              444               0.997        0.790        0.185        0.000        0.000        0.000        0.000        0.000        6708361                     4670718                     0                           0                           
GPU 0     1410         1512         0                           74                71           258.266           17396143274             0            N/A          100               0                 0                 0                 0.000             99.000            0                 0                 0                 0                           0                           0                           97156836907392              94356903140384              444               0.997        0.790        0.186        0.000        0.000        0.000        0.000        0.000        4407106                     3268163                     0                           0                           
GPU 0     1410         1512         0                           74                71           258.267           17396169346             0            N/A          100               0                 0                 0                 0.000             99.000            0                 0                 0                 0                           0                           0                           97156836907392              94356903140384              444               0.997        0.790        0.186        0.000        0.000        0.000        0.000        0.000        4407106                     3268163                     0                           0                           
GPU 0     1410         1512         0                           74                71           261.095           17396195599             0            N/A          100               0                 0                 0                 0.000             99.000            0                 0                 0                 0                           0                           0                           97156836907392              94356903140384              444               0.998        0.796        0.188        0.000        0.000        0.000        0.000        0.000        6509439                     4589400                     0                           0                           
GPU 0     1410         1512         0                           74                71           260.883           17396221804             0            N/A          100               0                 0                 0                 0.000             99.000            0                 0                 0                 0                           0                           0                           97156836907392              94356903140384              444               0.997        0.000        0.000        0.000        0.000        0.000        0.000        0.000        5575269                     4085133                     0                           0                           
GPU 0     1410         1512         0                           74                71           258.458           17396247920             0            N/A          100               0                 0                 0                 0.000             99.000            0                 0                 0                 0                           0                           0                           97156836907392              94356903140384              444               0.998        0.793        0.187        0.000        0.000        0.000        0.000        0.000        3495922                     2562604                     0                           0                           
GPU 0     1410         1512         0                           74                71           260.506           17396274260             0            N/A          100               0                 0                 0                 0.000             99.000            0                 0                 0                 0                           0                           0                           97156836907392              94356903140384              444               0.998        0.790        0.186        0.000        0.000        0.000        0.000        0.000        5175285                     3881348                     0                           0                           
GPU 0     1410         1512         0                           74                71           261.663           17396300441             0            N/A          100               0                 0                 0                 0.000             99.000            0                 0                 0                 0                           0                           0                           97156836907392              94356903140384              444               0.997        0.795        0.188        0.000        0.000        0.000        0.000        0.000        2395777                     1887253                     0                           0                           
GPU 0     1410         1512         0                           74                71           259.131           17396326602             0            N/A          100               0                 0                 0                 0.000             99.000            0                 0                 0                 0                           0                           0                           97156836907392              94356903140384              444               0.997        0.790        0.186        0.000        0.000        0.000        0.000        0.000        4134601                     2864311                     0                           0                           
GPU 0     1410         1512         0                           74                71           259.122           17396352740             0            N/A          100               0                 0                 0                 0.000             99.000            0                 0                 0                 0                           0                           0                           97156836907392              94356903140384              444               0.998        0.790        0.186        0.000        0.000        0.000        0.000        0.000        4672376                     3395250                     0                           0                           
GPU 0     1410         1512         0                           75                71           262.158           17396379039             0            N/A          100               0                 0                 0                 0.000             99.000            0                 0                 0                 0                           0                           0                           97156836907392              94356903140384              444               0.998        0.000        0.000        0.000        0.000        0.000        0.000        0.000        2955218                     2234760                     0                           0                           
GPU 0     1410         1512         0                           75                71           259.721           17396405139             0            N/A          100               0                 0                 0                 0.000             99.000            0                 0                 0                 0                           0                           0                           97156836907392              94356903140384              444               0.997        0.783        0.182        0.000        0.000        0.000        0.000        0.000        4035707                     3026017                     0                           0                           
#Entity   SMCLK        MMCLK        DVCCTR                      MMTMP             TMPTR        POWER             TOTEC                   PSTAT        FANSP        GPUTL             MCUTL             ECUTL             DCUTL             MUSAM             GUSAM             PVIOL             TVIOL             SBVIO             BLVIO                       LUVIO                       RVIOL                       TAPCV                       TAPBC                       FBUSD             GRACT        SMACT        SMOCC        TENSO        DRAMA        FP64A        FP32A        FP16A        PCITX                       PCIRX                       NVLTX                       NVLRX                       
ID                                                              C                  C            W                 mJ                                                                                                                                                                                                                                                                                                                                                                                                                                                                                                                                                                                                       
GPU 0     1410         1512         0                           74                71           258.648           17396431311             0            N/A          100               0                 0                 0                 0.000             99.000            0                 0                 0                 0                           0                           0                           97156836907392              94356903140384              444               0.998        0.793        0.187        0.000        0.000        0.000        0.000        0.000        5494631                     4039457                     0                           0                           
GPU 0     1410         1512         0                           74                71           259.528           17396457385             0            N/A          100               0                 0                 0                 0.000             99.000            0                 0                 0                 0                           0                           0                           97156836907392              94356903140384              444               0.997        0.790        0.185        0.000        0.000        0.000        0.000        0.000        4011745                     3035071                     0                           0                           
GPU 0     1410         1512         0                           74                71           258.450           17396483565             0            N/A          100               0                 0                 0                 0.000             99.000            0                 0                 0                 0                           0                           0                           97156836907392              94356903140384              444               0.998        0.791        0.187        0.000        0.000        0.000        0.000        0.000        7570033                     5265557                     0                           0                           
GPU 0     1410         1512         0                           74                71           262.350           17396509853             0            N/A          100               0                 0                 0                 0.000             99.000            0                 0                 0                 0                           0                           0                           97156836907392              94356903140384              444               0.998        0.790        0.186        0.000        0.000        0.000        0.000        0.000        4355676                     3231154                     0                           0                           
GPU 0     1410         1512         0                           74                71           259.912           17396535898             0            N/A          100               0                 0                 0                 0.000             99.000            0                 0                 0                 0                           0                           0                           97156836907392              94356903140384              444               0.998        0.000        0.000        0.000        0.000        0.000        0.000        0.000        7540448                     5231620                     0                           0                           
GPU 0     1410         1512         0                           74                71           258.079           17396561999             0            N/A          100               0                 0                 0                 0.000             99.000            0                 0                 0                 0                           0                           0                           97156836907392              94356903140384              444               0.998        0.793        0.187        0.000        0.000        0.000        0.000        0.000        4228414                     3151033                     0                           0                           
GPU 0     1410         1512         0                           74                71           262.338           17396588307             0            N/A          100               0                 0                 0                 0.000             99.000            0                 0                 0                 0                           0                           0                           97156836907392              94356903140384              444               0.998        0.794        0.187        0.000        0.000        0.000        0.000        0.000        6691236                     4594812                     0                           0                           
GPU 0     1410         1512         0                           74                71           259.323           17396614545             0            N/A          100               0                 0                 0                 0.000             99.000            0                 0                 0                 0                           0                           0                           97156836907392              94356903140384              444               0.998        0.793        0.187        0.000        0.000        0.000        0.000        0.000        4262810                     3169558                     0                           0                           
GPU 0     1410         1512         0                           74                71           257.587           17396640658             0            N/A          100               0                 0                 0                 0.000             99.000            0                 0                 0                 0                           0                           0                           97156836907392              94356903140384              444               0.998        0.795        0.187        0.000        0.000        0.000        0.000        0.000        6144732                     4338139                     0                           0                           
GPU 0     1410         1512         0                           75                71           262.626           17396666663             0            N/A          100               0                 0                 0                 0.000             99.000            0                 0                 0                 0                           0                           0                           97156836907392              94356903140384              444               0.998        0.793        0.187        0.000        0.000        0.000        0.000        0.000        3959710                     2990558                     0                           0                           
GPU 0     1410         1512         0                           74                71           257.780           17396692669             0            N/A          100               0                 0                 0                 0.000             99.000            0                 0                 0                 0                           0                           0                           97156836907392              94356903140384              444               0.997        0.000        0.000        0.000        0.000        0.000        0.000        0.000        7007149                     4951781                     0                           0                           
GPU 0     1410         1512         0                           74                71           262.434           17396718991             0            N/A          100               0                 0                 0                 0.000             99.000            0                 0                 0                 0                           0                           0                           97156836907392              94356903140384              444               0.998        0.799        0.188        0.000        0.000        0.000        0.000        0.000        1735830                     1513201                     0                           0                           
GPU 0     1410         1512         0                           74                71           259.734           17396745114             0            N/A          100               0                 0                 0                 0.000             99.000            0                 0                 0                 0                           0                           0                           97156836907392              94356903140384              444               0.997        0.795        0.187        0.000        0.000        0.000        0.000        0.000        7945735                     5433630                     0                           0                           
GPU 0     1410         1512         0                           74                71           257.778           17396771169             0            N/A          100               0                 0                 0                 0.000             99.000            0                 0                 0                 0                           0                           0                           97156836907392              94356903140384              444               0.997        0.790        0.185        0.000        0.000        0.000        0.000        0.000        3463927                     2631603                     0                           0                           
#Entity   SMCLK        MMCLK        DVCCTR                      MMTMP             TMPTR        POWER             TOTEC                   PSTAT        FANSP        GPUTL             MCUTL             ECUTL             DCUTL             MUSAM             GUSAM             PVIOL             TVIOL             SBVIO             BLVIO                       LUVIO                       RVIOL                       TAPCV                       TAPBC                       FBUSD             GRACT        SMACT        SMOCC        TENSO        DRAMA        FP64A        FP32A        FP16A        PCITX                       PCIRX                       NVLTX                       NVLRX                       
ID                                                              C                  C            W                 mJ                                                                                                                                                                                                                                                                                                                                                                                                                                                                                                                                                                                                       
GPU 0     1410         1512         0                           74                71           261.873           17396797412             0            N/A          100               0                 0                 0                 0.000             99.000            0                 0                 0                 0                           0                           0                           97156836907392              94356903140384              444               0.997        0.790        0.185        0.000        0.000        0.000        0.000        0.000        4076543                     2840497                     0                           0                           
GPU 0     1410         1512         0                           75                71           259.416           17396823517             0            N/A          100               0                 0                 0                 0.000             99.000            0                 0                 0                 0                           0                           0                           97156836907392              94356903140384              444               0.998        0.792        0.187        0.000        0.000        0.000        0.000        0.000        8880129                     6273123                     0                           0                           
GPU 0     1410         1512         0                           74                71           261.560           17396849538             0            N/A          100               0                 0                 0                 0.000             99.000            0                 0                 0                 0                           0                           0                           97156836907392              94356903140384              444               0.997        0.000        0.000        0.000        0.000        0.000        0.000        0.000        3862188                     2724909                     0                           0                           
GPU 0     1410         1512         0                           74                71           260.596           17396875645             0            N/A          100               0                 0                 0                 0.000             99.000            0                 0                 0                 0                           0                           0                           97156836907392              94356903140384              444               0.998        0.790        0.186        0.000        0.000        0.000        0.000        0.000        5182008                     3891134                     0                           0                           
GPU 0     1410         1512         0                           74                71           257.966           17396901865             0            N/A          100               0                 0                 0                 0.000             99.000            0                 0                 0                 0                           0                           0                           97156836907392              94356903140384              444               0.998        0.795        0.187        0.000        0.000        0.000        0.000        0.000        5575067                     3864373                     0                           0                           
GPU 0     1410         1512         0                           74                71           261.396           17396928069             0            N/A          100               0                 0                 0                 0.000             99.000            0                 0                 0                 0                           0                           0                           97156836907392              94356903140384              444               0.997        0.790        0.185        0.000        0.000        0.000        0.000        0.000        5771083                     4191719                     0                           0                           
GPU 0     1410         1512         0                           74                71           260.909           17396954258             0            N/A          100               0                 0                 0                 0.000             99.000            0                 0                 0                 0                           0                           0                           97156836907392              94356903140384              444               0.997        0.795        0.188        0.000        0.000        0.000        0.000        0.000        5121138                     3859361                     0                           0                           
GPU 0     1410         1512         0                           75                71           260.795           17396954258             0            N/A          100               0                 0                 0                 0.000             99.000            0                 0                 0                 0                           0                           0                           97156836907392              94356903140384              444               0.997        0.795        0.188        0.000        0.000        0.000        0.000        0.000        5121138                     3859361                     0                           0                           
GPU 0     1410         1512         0                           74                71           260.800           17396980315             0            N/A          100               0                 0                 0                 0.000             99.000            0                 0                 0                 0                           0                           0                           97156836907392              94356903140384              444               0.998        0.795        0.187        0.000        0.000        0.000        0.000        0.000        2264353                     1816900                     0                           0                           
GPU 0     1410         1512         0                           75                71           258.553           17397006518             0            N/A          100               0                 0                 0                 0.000             99.000            0                 0                 0                 0                           0                           0                           97156836907392              94356903140384              444               0.997        0.000        0.000        0.000        0.000        0.000        0.000        0.000        3249883                     2619474                     0                           0                           
GPU 0     1410         1512         0                           74                71           260.313           17397032737             0            N/A          100               0                 0                 0                 0.000             99.000            0                 0                 0                 0                           0                           0                           97156836907392              94356903140384              444               0.997        0.799        0.191        0.000        0.000        0.000        0.000        0.000        4867989                     3558458                     0                           0                           
GPU 0     1410         1512         0                           75                71           261.567           17397058827             0            N/A          100               0                 0                 0                 0.000             99.000            0                 0                 0                 0                           0                           0                           97156836907392              94356903140384              444               0.997        0.790        0.185        0.000        0.000        0.000        0.000        0.000        703884                      957609                      0                           0                           
GPU 0     1410         1512         0                           75                71           259.131           17397084938             0            N/A          100               0                 0                 0                 0.000             99.000            0                 0                 0                 0                           0                           0                           97156836907392              94356903140384              444               0.997        0.795        0.188        0.000        0.000        0.000        0.000        0.000        5258137                     3731052                     0                           0                           
GPU 0     1410         1512         0                           74                71           259.123           17397111203             0            N/A          100               0                 0                 0                 0.000             99.000            0                 0                 0                 0                           0                           0                           97156836907392              94356903140384              444               0.997        0.790        0.186        0.000        0.000        0.000        0.000        0.000        4100661                     3258349                     0                           0                           
#Entity   SMCLK        MMCLK        DVCCTR                      MMTMP             TMPTR        POWER             TOTEC                   PSTAT        FANSP        GPUTL             MCUTL             ECUTL             DCUTL             MUSAM             GUSAM             PVIOL             TVIOL             SBVIO             BLVIO                       LUVIO                       RVIOL                       TAPCV                       TAPBC                       FBUSD             GRACT        SMACT        SMOCC        TENSO        DRAMA        FP64A        FP32A        FP16A        PCITX                       PCIRX                       NVLTX                       NVLRX                       
ID                                                              C                  C            W                 mJ                                                                                                                                                                                                                                                                                                                                                                                                                                                                                                                                                                                                       
GPU 0     1410         1512         0                           74                71           262.061           17397137358             0            N/A          100               0                 0                 0                 0.000             99.000            0                 0                 0                 0                           0                           0                           97156836907392              94356903140384              444               0.998        0.795        0.187        0.000        0.000        0.000        0.000        0.000        5148678                     3654466                     0                           0                           
GPU 0     1410         1512         0                           75                71           259.721           17397163498             0            N/A          100               0                 0                 0                 0.000             99.000            0                 0                 0                 0                           0                           0                           97156836907392              94356903140384              444               0.997        0.000        0.000        0.000        0.000        0.000        0.000        0.000        5336513                     3953288                     0                           0                           
GPU 0     1410         1512         0                           74                71           258.559           17397189763             0            N/A          100               0                 0                 0                 0.000             99.000            0                 0                 0                 0                           0                           0                           97156836907392              94356903140384              444               0.997        0.787        0.184        0.000        0.000        0.000        0.000        0.000        4998263                     3606240                     0                           0                           
GPU 0     1410         1512         0                           75                71           262.254           17397216020             0            N/A          100               0                 0                 0                 0.000             99.000            0                 0                 0                 0                           0                           0                           97156836907392              94356903140384              444               0.997        0.792        0.186        0.000        0.000        0.000        0.000        0.000        5213889                     3887939                     0                           0                           
GPU 0     1410         1512         0                           74                71           259.817           17397242114             0            N/A          100               0                 0                 0                 0.000             99.000            0                 0                 0                 0                           0                           0                           97156836907392              94356903140384              444               0.997        0.790        0.185        0.000        0.000        0.000        0.000        0.000        4040599                     2832364                     0                           0                           
GPU 0     1410         1512         0                           74                71           257.971           17397268421             0            N/A          100               0                 0                 0                 0.000             99.000            0                 0                 0                 0                           0                           0                           97156836907392              94356903140384              444               0.998        0.795        0.188        0.000        0.000        0.000        0.000        0.000        5066081                     3805716                     0                           0                           
GPU 0     1410         1512         0                           74                71           257.778           17397320513             0            N/A          100               0                 0                 0                 0.000             99.000            0                 0                 0                 0                           0                           0                           97156836907392              94356903140384              444               0.997        0.792        0.187        0.000        0.000        0.000        0.000        0.000        3279246                     2387407                     0                           0                           
GPU 0     1410         1512         0                           74                71           259.432           17397346779             0            N/A          100               0                 0                 0                 0.000             99.000            0                 0                 0                 0                           0                           0                           97156836907392              94356903140384              444               0.997        0.000        0.000        0.000        0.000        0.000        0.000        0.000        3287456                     2413470                     0                           0                           
GPU 0     1410         1512         0                           75                71           262.338           17397372901             0            N/A          100               0                 0                 0                 0.000             99.000            0                 0                 0                 0                           0                           0                           97156836907392              94356903140384              444               0.998        0.794        0.187        0.000        0.000        0.000        0.000        0.000        7728603                     5436565                     0                           0                           
GPU 0     1410         1512         0                           74                71           259.914           17397399163             0            N/A          100               0                 0                 0                 0.000             99.000            0                 0                 0                 0                           0                           0                           97156836907392              94356903140384              444               0.997        0.790        0.185        0.000        0.000        0.000        0.000        0.000        2693697                     2095908                     0                           0                           
GPU 0     1410         1512         0                           74                71           257.572           17397425403             0            N/A          100               0                 0                 0                 0.000             99.000            0                 0                 0                 0                           0                           0                           97156836907392              94356903140384              444               0.997        0.790        0.185        0.000        0.000        0.000        0.000        0.000        7194149                     5055810                     0                           0                           
GPU 0     1410         1512         0                           74                71           262.268           17397451377             0            N/A          100               0                 0                 0                 0.000             99.000            0                 0                 0                 0                           0                           0                           97156836907392              94356903140384              444               0.997        0.796        0.187        0.000        0.000        0.000        0.000        0.000        2726491                     2112260                     0                           0                           
GPU 0     1410         1512         0                           74                71           260.201           17397477684             0            N/A          100               0                 0                 0                 0.000             99.000            0                 0                 0                 0                           0                           0                           97156836907392              94356903140384              444               0.997        0.793        0.187        0.000        0.000        0.000        0.000        0.000        7210772                     4997326                     0                           0                           
GPU 0     1410         1512         0                           74                71           258.171           17397503893             0            N/A          100               0                 0                 0                 0.000             99.000            0                 0                 0                 0                           0                           0                           97156836907392              94356903140384              444               0.997        0.000        0.000        0.000        0.000        0.000        0.000        0.000        3434375                     2454432                     0                           0                           
#Entity   SMCLK        MMCLK        DVCCTR                      MMTMP             TMPTR        POWER             TOTEC                   PSTAT        FANSP        GPUTL             MCUTL             ECUTL             DCUTL             MUSAM             GUSAM             PVIOL             TVIOL             SBVIO             BLVIO                       LUVIO                       RVIOL                       TAPCV                       TAPBC                       FBUSD             GRACT        SMACT        SMOCC        TENSO        DRAMA        FP64A        FP32A        FP16A        PCITX                       PCIRX                       NVLTX                       NVLRX                       
ID                                                              C                  C            W                 mJ                                                                                                                                                                                                                                                                                                                                                                                                                                                                                                                                                                                                       
GPU 0     1410         1512         0                           74                71           259.926           17397529866             0            N/A          100               0                 0                 0                 0.000             99.000            0                 0                 0                 0                           0                           0                           97156836907392              94356903140384              444               0.997        0.772        0.180        0.000        0.000        0.000        0.000        0.000        7337202                     5094494                     0                           0                           
GPU 0     1410         1512         0                           74                71           258.075           17397555947             0            N/A          100               0                 0                 0                 0.000             99.000            0                 0                 0                 0                           0                           0                           97156836907392              94356903140384              444               0.997        0.795        0.187        0.000        0.000        0.000        0.000        0.000        3828316                     2888039                     0                           0                           
GPU 0     1410         1512         0                           74                71           261.203           17397581871             0            N/A          100               0                 0                 0                 0.000             99.000            0                 0                 0                 0                           0                           0                           97156836907392              94356903140384              444               0.997        0.789        0.186        0.000        0.000        0.000        0.000        0.000        7587654                     5271893                     0                           0                           
GPU 0     1410         1512         0                           75                71           259.536           17397608144             0            N/A          100               0                 0                 0                 0.000             99.000            0                 0                 0                 0                           0                           0                           97156836907392              94356903140384              444               0.997        0.784        0.184        0.000        0.000        0.000        0.000        0.000        3885300                     2911503                     0                           0                           
GPU 0     1410         1512         0                           74                71           261.108           17397634327             0            N/A          100               0                 0                 0                 0.000             99.000            0                 0                 0                 0                           0                           0                           97156836907392              94356903140384              444               0.998        0.793        0.187        0.000        0.000        0.000        0.000        0.000        8446130                     5694962                     0                           0                           
GPU 0     1410         1512         0                           74                71           260.692           17397660499             0            N/A          100               0                 0                 0                 0.000             99.000            0                 0                 0                 0                           0                           0                           97156836907392              94356903140384              444               0.998        0.000        0.000        0.000        0.000        0.000        0.000        0.000        4701784                     3229239                     0                           0                           
GPU 0     1410         1512         0                           74                71           260.001           17397686694             0            N/A          100               0                 0                 0                 0.000             99.000            0                 0                 0                 0                           0                           0                           97156836907392              94356903140384              444               0.998        0.791        0.186        0.000        0.000        0.000        0.000        0.000        8028544                     5486260                     0                           0                           
GPU 0     1410         1512         0                           74                71           260.709           17397712896             0            N/A          100               0                 0                 0                 0.000             99.000            0                 0                 0                 0                           0                           0                           97156836907392              94356903140384              444               0.998        0.793        0.187        0.000        0.000        0.000        0.000        0.000        5779489                     4109012                     0                           0                           
GPU 0     1410         1512         0                           74                71           261.567           17397738965             0            N/A          100               0                 0                 0                 0.000             99.000            0                 0                 0                 0                           0                           0                           97156836907392              94356903140384              444               0.998        0.790        0.186        0.000        0.000        0.000        0.000        0.000        8235904                     5591256                     0                           0                           
GPU 0     1410         1512         0                           74                71           259.431           17397765080             0            N/A          100               0                 0                 0                 0.000             99.000            0                 0                 0                 0                           0                           0                           97156836907392              94356903140384              444               0.998        0.798        0.189        0.000        0.000        0.000        0.000        0.000        5521388                     4007745                     0                           0                           
GPU 0     1410         1512         0                           74                71           258.739           17397791364             0            N/A          100               0                 0                 0                 0.000             99.000            0                 0                 0                 0                           0                           0                           97156836907392              94356903140384              444               0.998        0.790        0.186        0.000        0.000        0.000        0.000        0.000        7699171                     5328161                     0                           0                           
GPU 0     1410         1512         0                           75                71           262.158           17397817459             0            N/A          100               0                 0                 0                 0.000             99.000            0                 0                 0                 0                           0                           0                           97156836907392              94356903140384              444               0.998        0.000        0.000        0.000        0.000        0.000        0.000        0.000        3789038                     2867919                     0                           0                           
GPU 0     1410         1512         0                           74                71           259.625           17397843761             0            N/A          100               0                 0                 0                 0.000             99.000            0                 0                 0                 0                           0                           0                           97156836907392              94356903140384              444               0.998        0.784        0.181        0.000        0.000        0.000        0.000        0.000        7773642                     5329514                     0                           0                           
GPU 0     1410         1512         0                           74                71           262.350           17397869884             0            N/A          100               0                 0                 0                 0.000             99.000            0                 0                 0                 0                           0                           0                           97156836907392              94356903140384              444               0.998        0.790        0.186        0.000        0.000        0.000        0.000        0.000        4321379                     3384742                     0                           0                           
#Entity   SMCLK        MMCLK        DVCCTR                      MMTMP             TMPTR        POWER             TOTEC                   PSTAT        FANSP        GPUTL             MCUTL             ECUTL             DCUTL             MUSAM             GUSAM             PVIOL             TVIOL             SBVIO             BLVIO                       LUVIO                       RVIOL                       TAPCV                       TAPBC                       FBUSD             GRACT        SMACT        SMOCC        TENSO        DRAMA        FP64A        FP32A        FP16A        PCITX                       PCIRX                       NVLTX                       NVLRX                       
ID                                                              C                  C            W                 mJ                                                                                                                                                                                                                                                                                                                                                                                                                                                                                                                                                                                                       
GPU 0     1410         1512         0                           74                71           259.913           17397895962             0            N/A          100               0                 0                 0                 0.000             99.000            0                 0                 0                 0                           0                           0                           97156836907392              94356903140384              444               0.997        0.790        0.186        0.000        0.000        0.000        0.000        0.000        5947976                     4092732                     0                           0                           
GPU 0     1410         1512         0                           75                71           258.175           17397922163             0            N/A          100               0                 0                 0                 0.000             99.000            0                 0                 0                 0                           0                           0                           97156836907392              94356903140384              444               0.998        0.793        0.187        0.000        0.000        0.000        0.000        0.000        5174183                     3905066                     0                           0                           
GPU 0     1410         1512         0                           74                71           262.446           17397948419             0            N/A          100               0                 0                 0                 0.000             99.000            0                 0                 0                 0                           0                           0                           97156836907392              94356903140384              444               0.997        0.790        0.185        0.000        0.000        0.000        0.000        0.000        5588724                     3897211                     0                           0                           
GPU 0     1410         1512         0                           74                71           260.022           17397974276             0            N/A          100               0                 0                 0                 0.000             99.000            0                 0                 0                 0                           0                           0                           97156836907392              94356903140384              444               0.997        0.000        0.000        0.000        0.000        0.000        0.000        0.000        5987942                     4317526                     0                           0                           
GPU 0     1410         1512         0                           74                71           259.743           17398000524             0            N/A          100               0                 0                 0                 0.000             99.000            0                 0                 0                 0                           0                           0                           97156836907392              94356903140384              444               0.997        0.000        0.000        0.000        0.000        0.000        0.000        0.000        5987942                     4317526                     0                           0                           
GPU 0     1410         1512         0                           73                71           261.184           17398026454             0            N/A          100               0                 0                 0                 0.000             99.000            0                 0                 0                 0                           0                           0                           97156836907392              94356903140384              444               0.997        0.791        0.187        0.000        0.000        0.000        0.000        0.000        3916260                     2865569                     0                           0                           
GPU 0     1410         1512         0                           75                71           257.778           17398052695             0            N/A          100               0                 0                 0                 0.000             99.000            0                 0                 0                 0                           0                           0                           97156836907392              94356903140384              444               0.997        0.795        0.187        0.000        0.000        0.000        0.000        0.000        5559356                     3888946                     0                           0                           
GPU 0     1410         1512         0                           74                71           262.256           17398079016             0            N/A          100               0                 0                 0                 0.000             99.000            0                 0                 0                 0                           0                           0                           97156836907392              94356903140384              444               0.998        0.794        0.187        0.000        0.000        0.000        0.000        0.000        5954484                     4051131                     0                           0                           
GPU 0     1410         1512         0                           74                71           259.130           17398104986             0            N/A          100               0                 0                 0                 0.000             99.000            0                 0                 0                 0                           0                           0                           97156836907392              94356903140384              444               0.998        0.790        0.185        0.000        0.000        0.000        0.000        0.000        4551313                     3290603                     0                           0                           
GPU 0     1410         1512         0                           74                71           262.351           17398131096             0            N/A          100               0                 0                 0                 0.000             99.000            0                 0                 0                 0                           0                           0                           97156836907392              94356903140384              444               0.997        0.794        0.187        0.000        0.000        0.000        0.000        0.000        5230810                     3715496                     0                           0                           
GPU 0     1410         1512         0                           74                71           260.213           17398157186             0            N/A          100               0                 0                 0                 0.000             99.000            0                 0                 0                 0                           0                           0                           97156836907392              94356903140384              444               0.997        0.000        0.000        0.000        0.000        0.000        0.000        0.000        4756110                     3405272                     0                           0                           
GPU 0     1410         1512         0                           75                71           258.161           17398183473             0            N/A          100               0                 0                 0                 0.000             99.000            0                 0                 0                 0                           0                           0                           97156836907392              94356903140384              444               0.997        0.789        0.187        0.000        0.000        0.000        0.000        0.000        4545896                     3223992                     0                           0                           
GPU 0     1410         1512         0                           74                71           260.704           17398209684             0            N/A          100               0                 0                 0                 0.000             99.000            0                 0                 0                 0                           0                           0                           97156836907392              94356903140384              444               0.998        0.795        0.188        0.000        0.000        0.000        0.000        0.000        7426365                     5109033                     0                           0                           
GPU 0     1410         1512         0                           74                71           260.617           17398235613             0            N/A          100               0                 0                 0                 0.000             99.000            0                 0                 0                 0                           0                           0                           97156836907392              94356903140384              444               0.997        0.790        0.185        0.000        0.000        0.000        0.000        0.000        4359284                     3141894                     0                           0                           
#Entity   SMCLK        MMCLK        DVCCTR                      MMTMP             TMPTR        POWER             TOTEC                   PSTAT        FANSP        GPUTL             MCUTL             ECUTL             DCUTL             MUSAM             GUSAM             PVIOL             TVIOL             SBVIO             BLVIO                       LUVIO                       RVIOL                       TAPCV                       TAPBC                       FBUSD             GRACT        SMACT        SMOCC        TENSO        DRAMA        FP64A        FP32A        FP16A        PCITX                       PCIRX                       NVLTX                       NVLRX                       
ID                                                              C                  C            W                 mJ                                                                                                                                                                                                                                                                                                                                                                                                                                                                                                                                                                                                       
GPU 0     1410         1512         0                           74                71           260.992           17398261854             0            N/A          100               0                 0                 0                 0.000             99.000            0                 0                 0                 0                           0                           0                           97156836907392              94356903140384              444               0.998        0.794        0.187        0.000        0.000        0.000        0.000        0.000        7377249                     5117329                     0                           0                           
GPU 0     1410         1512         0                           74                71           258.266           17398287992             0            N/A          100               0                 0                 0                 0.000             99.000            0                 0                 0                 0                           0                           0                           97156836907392              94356903140384              444               0.997        0.790        0.185        0.000        0.000        0.000        0.000        0.000        4570723                     3224341                     0                           0                           
GPU 0     1410         1512         0                           74                71           260.974           17398314124             0            N/A          100               0                 0                 0                 0.000             99.000            0                 0                 0                 0                           0                           0                           97156836907392              94356903140384              444               0.998        0.000        0.000        0.000        0.000        0.000        0.000        0.000        7243559                     5058178                     0                           0                           
GPU 0     1410         1512         0                           74                71           260.991           17398340241             0            N/A          100               0                 0                 0                 0.000             99.000            0                 0                 0                 0                           0                           0                           97156836907392              94356903140384              444               0.997        0.793        0.188        0.000        0.000        0.000        0.000        0.000        4666830                     3344247                     0                           0                           
GPU 0     1410         1512         0                           74                71           258.554           17398366524             0            N/A          100               0                 0                 0                 0.000             99.000            0                 0                 0                 0                           0                           0                           97156836907392              94356903140384              444               0.997        0.790        0.185        0.000        0.000        0.000        0.000        0.000        5484167                     3887977                     0                           0                           
GPU 0     1410         1512         0                           74                71           259.530           17398392640             0            N/A          100               0                 0                 0                 0.000             99.000            0                 0                 0                 0                           0                           0                           97156836907392              94356903140384              444               0.997        0.790        0.185        0.000        0.000        0.000        0.000        0.000        3996595                     3159399                     0                           0                           
GPU 0     1410         1512         0                           74                71           260.097           17398418872             0            N/A          100               0                 0                 0                 0.000             99.000            0                 0                 0                 0                           0                           0                           97156836907392              94356903140384              444               0.997        0.788        0.185        0.000        0.000        0.000        0.000        0.000        3255596                     2373011                     0                           0                           
GPU 0     1410         1512         0                           74                71           259.131           17398418872             0            N/A          100               0                 0                 0                 0.000             99.000            0                 0                 0                 0                           0                           0                           97156836907392              94356903140384              444               0.997        0.794        0.187        0.000        0.000        0.000        0.000        0.000        6601148                     4843098                     0                           0                           
GPU 0     1410         1512         0                           74                71           259.327           17398444996             0            N/A          100               0                 0                 0                 0.000             99.000            0                 0                 0                 0                           0                           0                           97156836907392              94356903140384              444               0.997        0.000        0.000        0.000        0.000        0.000        0.000        0.000        4505490                     3309254                     0                           0                           
GPU 0     1410         1512         0                           74                71           258.940           17398497191             0            N/A          100               0                 0                 0                 0.000             99.000            0                 0                 0                 0                           0                           0                           97156836907392              94356903140384              444               0.997        0.782        0.184        0.000        0.000        0.000        0.000        0.000        5712897                     4220975                     0                           0                           
GPU 0     1410         1512         0                           74                71           259.520           17398523363             0            N/A          100               0                 0                 0                 0.000             99.000            0                 0                 0                 0                           0                           0                           97156836907392              94356903140384              444               0.998        0.791        0.187        0.000        0.000        0.000        0.000        0.000        4145403                     3080137                     0                           0                           
GPU 0     1410         1512         0                           74                71           259.131           17398549467             0            N/A          100               0                 0                 0                 0.000             99.000            0                 0                 0                 0                           0                           0                           97156836907392              94356903140384              444               0.997        0.796        0.188        0.000        0.000        0.000        0.000        0.000        3646439                     2826575                     0                           0                           
GPU 0     1410         1512         0                           74                71           259.123           17398575543             0            N/A          100               0                 0                 0                 0.000             99.000            0                 0                 0                 0                           0                           0                           97156836907392              94356903140384              444               0.997        0.790        0.186        0.000        0.000        0.000        0.000        0.000        5805175                     4233234                     0                           0                           
GPU 0     1410         1512         0                           74                71           261.760           17398601699             0            N/A          100               0                 0                 0                 0.000             99.000            0                 0                 0                 0                           0                           0                           97156836907392              94356903140384              444               0.997        0.790        0.186        0.000        0.000        0.000        0.000        0.000        4468818                     3313359                     0                           0                           
#Entity   SMCLK        MMCLK        DVCCTR                      MMTMP             TMPTR        POWER             TOTEC                   PSTAT        FANSP        GPUTL             MCUTL             ECUTL             DCUTL             MUSAM             GUSAM             PVIOL             TVIOL             SBVIO             BLVIO                       LUVIO                       RVIOL                       TAPCV                       TAPBC                       FBUSD             GRACT        SMACT        SMOCC        TENSO        DRAMA        FP64A        FP32A        FP16A        PCITX                       PCIRX                       NVLTX                       NVLRX                       
ID                                                              C                  C            W                 mJ                                                                                                                                                                                                                                                                                                                                                                                                                                                                                                                                                                                                       
GPU 0     1410         1512         0                           74                71           259.335           17398627901             0            N/A          100               0                 0                 0                 0.000             99.000            0                 0                 0                 0                           0                           0                           97156836907392              94356903140384              444               0.997        0.000        0.000        0.000        0.000        0.000        0.000        0.000        3954959                     3013369                     0                           0                           
GPU 0     1410         1512         0                           74                71           258.739           17398653994             0            N/A          100               0                 0                 0                 0.000             99.000            0                 0                 0                 0                           0                           0                           97156836907392              94356903140384              444               0.997        0.790        0.188        0.000        0.000        0.000        0.000        0.000        2941763                     2287679                     0                           0                           
GPU 0     1410         1512         0                           74                71           262.157           17398680100             0            N/A          100               0                 0                 0                 0.000             99.000            0                 0                 0                 0                           0                           0                           97156836907392              94356903140384              444               0.997        0.790        0.186        0.000        0.000        0.000        0.000        0.000        818545                      1039557                     0                           0                           
GPU 0     1410         1512         0                           74                71           259.625           17398706367             0            N/A          100               0                 0                 0                 0.000             99.000            0                 0                 0                 0                           0                           0                           97156836907392              94356903140384              444               0.997        0.792        0.186        0.000        0.000        0.000        0.000        0.000        793983                      1023179                     0                           0                           
GPU 0     1410         1512         0                           74                71           259.335           17398732656             0            N/A          100               0                 0                 0                 0.000             99.000            0                 0                 0                 0                           0                           0                           97156836907392              94356903140384              444               0.997        0.000        0.000        0.000        0.000        0.000        0.000        0.000        818499                      1047686                     0                           0                           
GPU 0     1410         1512         0                           74                71           262.543           17398758655             0            N/A          100               0                 0                 0                 0.000             99.000            0                 0                 0                 0                           0                           0                           97156836907392              94356903140384              444               0.997        0.794        0.187        0.000        0.000        0.000        0.000        0.000        4214391                     3164893                     0                           0                           
GPU 0     1410         1512         0                           74                71           259.817           17398784959             0            N/A          100               0                 0                 0                 0.000             99.000            0                 0                 0                 0                           0                           0                           97156836907392              94356903140384              444               0.998        0.796        0.187        0.000        0.000        0.000        0.000        0.000        1667594                     1427901                     0                           0                           
GPU 0     1410         1512         0                           75                71           259.742           17398811031             0            N/A          100               0                 0                 0                 0.000             99.000            0                 0                 0                 0                           0                           0                           97156836907392              94356903140384              444               0.997        0.795        0.187        0.000        0.000        0.000        0.000        0.000        4422806                     3305807                     0                           0                           
GPU 0     1410         1512         0                           74                71           261.252           17398837060             0            N/A          100               0                 0                 0                 0.000             99.000            0                 0                 0                 0                           0                           0                           97156836907392              94356903140384              444               0.998        0.795        0.188        0.000        0.000        0.000        0.000        0.000        5355526                     3924957                     0                           0                           
GPU 0     1410         1512         0                           75                71           257.860           17398863217             0            N/A          100               0                 0                 0                 0.000             99.000            0                 0                 0                 0                           0                           0                           97156836907392              94356903140384              444               0.998        0.795        0.188        0.000        0.000        0.000        0.000        0.000        5355526                     3924957                     0                           0                           
GPU 0     1410         1512         0                           74                71           262.639           17398889300             0            N/A          100               0                 0                 0                 0.000             99.000            0                 0                 0                 0                           0                           0                           97156836907392              94356903140384              444               0.998        0.795        0.188        0.000        0.000        0.000        0.000        0.000        4470517                     3302376                     0                           0                           
GPU 0     1410         1512         0                           74                71           259.129           17398915478             0            N/A          100               0                 0                 0                 0.000             99.000            0                 0                 0                 0                           0                           0                           97156836907392              94356903140384              444               0.997        0.000        0.000        0.000        0.000        0.000        0.000        0.000        7288274                     5088192                     0                           0                           
GPU 0     1410         1512         0                           74                71           262.159           17398941702             0            N/A          100               0                 0                 0                 0.000             99.000            0                 0                 0                 0                           0                           0                           97156836907392              94356903140384              444               0.997        0.793        0.187        0.000        0.000        0.000        0.000        0.000        4207010                     3165549                     0                           0                           
GPU 0     1410         1512         0                           74                71           260.010           17398967714             0            N/A          100               0                 0                 0                 0.000             99.000            0                 0                 0                 0                           0                           0                           97156836907392              94356903140384              444               0.997        0.793        0.187        0.000        0.000        0.000        0.000        0.000        6652539                     4611560                     0                           0                           
#Entity   SMCLK        MMCLK        DVCCTR                      MMTMP             TMPTR        POWER             TOTEC                   PSTAT        FANSP        GPUTL             MCUTL             ECUTL             DCUTL             MUSAM             GUSAM             PVIOL             TVIOL             SBVIO             BLVIO                       LUVIO                       RVIOL                       TAPCV                       TAPBC                       FBUSD             GRACT        SMACT        SMOCC        TENSO        DRAMA        FP64A        FP32A        FP16A        PCITX                       PCIRX                       NVLTX                       NVLRX                       
ID                                                              C                  C            W                 mJ                                                                                                                                                                                                                                                                                                                                                                                                                                                                                                                                                                                                       
GPU 0     1410         1512         0                           74                71           257.776           17398993953             0            N/A          100               0                 0                 0                 0.000             99.000            0                 0                 0                 0                           0                           0                           97156836907392              94356903140384              444               0.997        0.790        0.185        0.000        0.000        0.000        0.000        0.000        4250398                     3201945                     0                           0                           
GPU 0     1410         1512         0                           74                71           261.657           17399020017             0            N/A          100               0                 0                 0                 0.000             99.000            0                 0                 0                 0                           0                           0                           97156836907392              94356903140384              444               0.997        0.796        0.188        0.000        0.000        0.000        0.000        0.000        5728849                     4132788                     0                           0                           
GPU 0     1410         1512         0                           74                71           260.488           17399046133             0            N/A          100               0                 0                 0                 0.000             99.000            0                 0                 0                 0                           0                           0                           97156836907392              94356903140384              444               0.997        0.791        0.187        0.000        0.000        0.000        0.000        0.000        4131276                     3120219                     0                           0                           
GPU 0     1410         1512         0                           74                71           257.858           17399072379             0            N/A          100               0                 0                 0                 0.000             99.000            0                 0                 0                 0                           0                           0                           97156836907392              94356903140384              444               0.997        0.000        0.000        0.000        0.000        0.000        0.000        0.000        6901381                     4920463                     0                           0                           
GPU 0     1410         1512         0                           74                71           261.082           17399098484             0            N/A          100               0                 0                 0                 0.000             99.000            0                 0                 0                 0                           0                           0                           97156836907392              94356903140384              444               0.997        0.805        0.191        0.000        0.000        0.000        0.000        0.000        3860743                     2939085                     0                           0                           
GPU 0     1410         1512         0                           74                71           260.512           17399124666             0            N/A          100               0                 0                 0                 0.000             99.000            0                 0                 0                 0                           0                           0                           97156836907392              94356903140384              444               0.998        0.795        0.187        0.000        0.000        0.000        0.000        0.000        7094999                     4991986                     0                           0                           
GPU 0     1410         1512         0                           74                71           261.287           17399150870             0            N/A          100               0                 0                 0                 0.000             99.000            0                 0                 0                 0                           0                           0                           97156836907392              94356903140384              444               0.997        0.790        0.185        0.000        0.000        0.000        0.000        0.000        2382674                     1861073                     0                           0                           
GPU 0     1410         1512         0                           74                71           260.787           17399176833             0            N/A          100               0                 0                 0                 0.000             99.000            0                 0                 0                 0                           0                           0                           97156836907392              94356903140384              444               0.997        0.795        0.187        0.000        0.000        0.000        0.000        0.000        7498303                     5255389                     0                           0                           
GPU 0     1410         1512         0                           74                71           258.554           17399203075             0            N/A          100               0                 0                 0                 0.000             99.000            0                 0                 0                 0                           0                           0                           97156836907392              94356903140384              444               0.997        0.790        0.186        0.000        0.000        0.000        0.000        0.000        3516591                     2701178                     0                           0                           
GPU 0     1410         1512         0                           74                71           260.506           17399229302             0            N/A          100               0                 0                 0                 0.000             99.000            0                 0                 0                 0                           0                           0                           97156836907392              94356903140384              444               0.998        0.000        0.000        0.000        0.000        0.000        0.000        0.000        2970531                     2242307                     0                           0                           
GPU 0     1410         1512         0                           74                71           261.182           17399255461             0            N/A          100               0                 0                 0                 0.000             99.000            0                 0                 0                 0                           0                           0                           97156836907392              94356903140384              444               0.997        0.788        0.185        0.000        0.000        0.000        0.000        0.000        6680862                     4831120                     0                           0                           
GPU 0     1410         1512         0                           74                71           260.399           17399281562             0            N/A          100               0                 0                 0                 0.000             99.000            0                 0                 0                 0                           0                           0                           97156836907392              94356903140384              444               0.997        0.790        0.185        0.000        0.000        0.000        0.000        0.000        3113153                     2367422                     0                           0                           
GPU 0     1410         1512         0                           74                71           261.375           17399307636             0            N/A          100               0                 0                 0                 0.000             99.000            0                 0                 0                 0                           0                           0                           97156836907392              94356903140384              444               0.997        0.793        0.186        0.000        0.000        0.000        0.000        0.000        5059787                     3815238                     0                           0                           
GPU 0     1410         1512         0                           74                71           259.131           17399333717             0            N/A          100               0                 0                 0                 0.000             99.000            0                 0                 0                 0                           0                           0                           97156836907392              94356903140384              444               0.997        0.791        0.187        0.000        0.000        0.000        0.000        0.000        5352199                     3808347                     0                           0                           
#Entity   SMCLK        MMCLK        DVCCTR                      MMTMP             TMPTR        POWER             TOTEC                   PSTAT        FANSP        GPUTL             MCUTL             ECUTL             DCUTL             MUSAM             GUSAM             PVIOL             TVIOL             SBVIO             BLVIO                       LUVIO                       RVIOL                       TAPCV                       TAPBC                       FBUSD             GRACT        SMACT        SMOCC        TENSO        DRAMA        FP64A        FP32A        FP16A        PCITX                       PCIRX                       NVLTX                       NVLRX                       
ID                                                              C                  C            W                 mJ                                                                                                                                                                                                                                                                                                                                                                                                                                                                                                                                                                                                       
GPU 0     1410         1512         0                           74                71           258.930           17399360004             0            N/A          100               0                 0                 0                 0.000             99.000            0                 0                 0                 0                           0                           0                           97156836907392              94356903140384              444               0.997        0.795        0.188        0.000        0.000        0.000        0.000        0.000        5179172                     3840026                     0                           0                           
GPU 0     1410         1512         0                           74                71           258.747           17399386103             0            N/A          100               0                 0                 0                 0.000             99.000            0                 0                 0                 0                           0                           0                           97156836907392              94356903140384              444               0.997        0.000        0.000        0.000        0.000        0.000        0.000        0.000        8341469                     5623790                     0                           0                           
GPU 0     1410         1512         0                           75                71           259.534           17399412256             0            N/A          100               0                 0                 0                 0.000             99.000            0                 0                 0                 0                           0                           0                           97156836907392              94356903140384              444               0.997        0.793        0.187        0.000        0.000        0.000        0.000        0.000        2966999                     2427362                     0                           0                           
GPU 0     1410         1512         0                           74                71           261.568           17399438283             0            N/A          100               0                 0                 0                 0.000             99.000            0                 0                 0                 0                           0                           0                           97156836907392              94356903140384              444               0.997        0.790        0.185        0.000        0.000        0.000        0.000        0.000        7587064                     5287232                     0                           0                           
GPU 0     1410         1512         0                           74                71           259.335           17399464342             0            N/A          100               0                 0                 0                 0.000             99.000            0                 0                 0                 0                           0                           0                           97156836907392              94356903140384              444               0.997        0.795        0.188        0.000        0.000        0.000        0.000        0.000        1812018                     1516785                     0                           0                           
GPU 0     1410         1512         0                           75                71           258.835           17399490619             0            N/A          100               0                 0                 0                 0.000             99.000            0                 0                 0                 0                           0                           0                           97156836907392              94356903140384              444               0.998        0.790        0.185        0.000        0.000        0.000        0.000        0.000        695652                      957547                      0                           0                           
GPU 0     1410         1512         0                           74                71           262.157           17399516868             0            N/A          100               0                 0                 0                 0.000             99.000            0                 0                 0                 0                           0                           0                           97156836907392              94356903140384              444               0.998        0.794        0.187        0.000        0.000        0.000        0.000        0.000        5142459                     3693700                     0                           0                           
GPU 0     1410         1512         0                           74                71           259.913           17399542805             0            N/A          100               0                 0                 0                 0.000             99.000            0                 0                 0                 0                           0                           0                           97156836907392              94356903140384              444               0.997        0.000        0.000        0.000        0.000        0.000        0.000        0.000        4124577                     3244079                     0                           0                           
GPU 0     1410         1512         0                           74                71           258.368           17399569102             0            N/A          100               0                 0                 0                 0.000             99.000            0                 0                 0                 0                           0                           0                           97156836907392              94356903140384              444               0.997        0.780        0.183        0.000        0.000        0.000        0.000        0.000        6011659                     4182113                     0                           0                           
GPU 0     1410         1512         0                           74                71           262.350           17399595309             0            N/A          100               0                 0                 0                 0.000             99.000            0                 0                 0                 0                           0                           0                           97156836907392              94356903140384              444               0.997        0.795        0.187        0.000        0.000        0.000        0.000        0.000        4803231                     3657775                     0                           0                           
GPU 0     1410         1512         0                           74                71           257.682           17399621805             0            N/A          100               0                 0                 0                 0.000             99.000            0                 0                 0                 0                           0                           0                           97156836907392              94356903140384              444               0.997        0.795        0.187        0.000        0.000        0.000        0.000        0.000        4803231                     3657775                     0                           0                           
GPU 0     1410         1512         0                           74                71           259.914           17399673359             0            N/A          100               0                 0                 0                 0.000             99.000            0                 0                 0                 0                           0                           0                           97156836907392              94356903140384              444               0.998        0.790        0.186        0.000        0.000        0.000        0.000        0.000        6594120                     4446694                     0                           0                           
GPU 0     1410         1512         0                           74                71           259.914           17399699592             0            N/A          100               0                 0                 0                 0.000             99.000            0                 0                 0                 0                           0                           0                           97156836907392              94356903140384              444               0.998        0.792        0.187        0.000        0.000        0.000        0.000        0.000        4810725                     3649090                     0                           0                           
GPU 0     1410         1512         0                           74                71           262.543           17399725729             0            N/A          100               0                 0                 0                 0.000             99.000            0                 0                 0                 0                           0                           0                           97156836907392              94356903140384              444               0.998        0.794        0.187        0.000        0.000        0.000        0.000        0.000        4815806                     3374939                     0                           0                           
#Entity   SMCLK        MMCLK        DVCCTR                      MMTMP             TMPTR        POWER             TOTEC                   PSTAT        FANSP        GPUTL             MCUTL             ECUTL             DCUTL             MUSAM             GUSAM             PVIOL             TVIOL             SBVIO             BLVIO                       LUVIO                       RVIOL                       TAPCV                       TAPBC                       FBUSD             GRACT        SMACT        SMOCC        TENSO        DRAMA        FP64A        FP32A        FP16A        PCITX                       PCIRX                       NVLTX                       NVLRX                       
ID                                                              C                  C            W                 mJ                                                                                                                                                                                                                                                                                                                                                                                                                                                                                                                                                                                                       
GPU 0     1410         1512         0                           74                71           259.818           17399751773             0            N/A          100               0                 0                 0                 0.000             99.000            0                 0                 0                 0                           0                           0                           97156836907392              94356903140384              444               0.998        0.000        0.000        0.000        0.000        0.000        0.000        0.000        4778911                     3641567                     0                           0                           
GPU 0     1410         1512         0                           74                71           257.490           17399778012             0            N/A          100               0                 0                 0                 0.000             99.000            0                 0                 0                 0                           0                           0                           97156836907392              94356903140384              444               0.998        0.794        0.185        0.000        0.000        0.000        0.000        0.000        3534940                     2598663                     0                           0                           
GPU 0     1410         1512         0                           75                71           262.063           17399804029             0            N/A          100               0                 0                 0                 0.000             99.000            0                 0                 0                 0                           0                           0                           97156836907392              94356903140384              444               0.998        0.790        0.186        0.000        0.000        0.000        0.000        0.000        3381839                     2546467                     0                           0                           
GPU 0     1410         1512         0                           74                71           259.321           17399830219             0            N/A          100               0                 0                 0                 0.000             99.000            0                 0                 0                 0                           0                           0                           97156836907392              94356903140384              444               0.998        0.790        0.185        0.000        0.000        0.000        0.000        0.000        8345533                     5830162                     0                           0                           
GPU 0     1410         1512         0                           75                71           258.159           17399856332             0            N/A          100               0                 0                 0                 0.000             99.000            0                 0                 0                 0                           0                           0                           97156836907392              94356903140384              444               0.997        0.795        0.187        0.000        0.000        0.000        0.000        0.000        3054067                     2317012                     0                           0                           
GPU 0     1410         1512         0                           74                71           259.996           17399882332             0            N/A          100               0                 0                 0                 0.000             99.000            0                 0                 0                 0                           0                           0                           97156836907392              94356903140384              444               0.998        0.790        0.185        0.000        0.000        0.000        0.000        0.000        8184496                     5533655                     0                           0                           
GPU 0     1410         1512         0                           74                71           257.967           17399882332             0            N/A          100               0                 0                 0                 0.000             99.000            0                 0                 0                 0                           0                           0                           97156836907392              94356903140384              444               0.997        0.000        0.000        0.000        0.000        0.000        0.000        0.000        3226267                     2423677                     0                           0                           
GPU 0     1410         1512         0                           74                71           261.177           17399908579             0            N/A          100               0                 0                 0                 0.000             99.000            0                 0                 0                 0                           0                           0                           97156836907392              94356903140384              444               0.998        0.809        0.194        0.000        0.000        0.000        0.000        0.000        8980565                     5928659                     0                           0                           
GPU 0     1410         1512         0                           74                71           260.691           17399934834             0            N/A          100               0                 0                 0                 0.000             99.000            0                 0                 0                 0                           0                           0                           97156836907392              94356903140384              444               0.997        0.790        0.185        0.000        0.000        0.000        0.000        0.000        3209222                     2308743                     0                           0                           
GPU 0     1410         1512         0                           74                71           258.062           17399960881             0            N/A          100               0                 0                 0                 0.000             99.000            0                 0                 0                 0                           0                           0                           97156836907392              94356903140384              444               0.998        0.795        0.188        0.000        0.000        0.000        0.000        0.000        10008037                    6511399                     0                           0                           
GPU 0     1410         1512         0                           74                71           261.083           17399987092             0            N/A          100               0                 0                 0                 0.000             99.000            0                 0                 0                 0                           0                           0                           97156836907392              94356903140384              444               0.998        0.794        0.187        0.000        0.000        0.000        0.000        0.000        3122350                     2264412                     0                           0                           
GPU 0     1410         1512         0                           74                71           260.704           17400013282             0            N/A          100               0                 0                 0                 0.000             99.000            0                 0                 0                 0                           0                           0                           97156836907392              94356903140384              444               0.998        0.790        0.185        0.000        0.000        0.000        0.000        0.000        9179856                     6119827                     0                           0                           
GPU 0     1410         1512         0                           74                71           258.253           17400039356             0            N/A          100               0                 0                 0                 0.000             99.000            0                 0                 0                 0                           0                           0                           97156836907392              94356903140384              444               0.997        0.000        0.000        0.000        0.000        0.000        0.000        0.000        1761350                     1501744                     0                           0                           
GPU 0     1410         1512         0                           74                71           260.206           17400065408             0            N/A          100               0                 0                 0                 0.000             99.000            0                 0                 0                 0                           0                           0                           97156836907392              94356903140384              444               0.998        0.817        0.194        0.000        0.000        0.000        0.000        0.000        8874194                     5904610                     0                           0                           
#Entity   SMCLK        MMCLK        DVCCTR                      MMTMP             TMPTR        POWER             TOTEC                   PSTAT        FANSP        GPUTL             MCUTL             ECUTL             DCUTL             MUSAM             GUSAM             PVIOL             TVIOL             SBVIO             BLVIO                       LUVIO                       RVIOL                       TAPCV                       TAPBC                       FBUSD             GRACT        SMACT        SMOCC        TENSO        DRAMA        FP64A        FP32A        FP16A        PCITX                       PCIRX                       NVLTX                       NVLRX                       
ID                                                              C                  C            W                 mJ                                                                                                                                                                                                                                                                                                                                                                                                                                                                                                                                                                                                       
GPU 0     1410         1512         0                           74                71           261.182           17400091700             0            N/A          100               0                 0                 0                 0.000             99.000            0                 0                 0                 0                           0                           0                           97156836907392              94356903140384              444               0.997        0.790        0.185        0.000        0.000        0.000        0.000        0.000        2860552                     2103745                     0                           0                           
GPU 0     1410         1512         0                           74                71           260.807           17400117856             0            N/A          100               0                 0                 0                 0.000             99.000            0                 0                 0                 0                           0                           0                           97156836907392              94356903140384              444               0.998        0.790        0.186        0.000        0.000        0.000        0.000        0.000        8054089                     5541957                     0                           0                           
GPU 0     1410         1512         0                           74                71           259.149           17400144039             0            N/A          100               0                 0                 0                 0.000             99.000            0                 0                 0                 0                           0                           0                           97156836907392              94356903140384              444               0.998        0.795        0.187        0.000        0.000        0.000        0.000        0.000        1137625                     1186746                     0                           0                           
GPU 0     1410         1512         0                           74                71           258.940           17400170110             0            N/A          100               0                 0                 0                 0.000             99.000            0                 0                 0                 0                           0                           0                           97156836907392              94356903140384              444               0.998        0.790        0.185        0.000        0.000        0.000        0.000        0.000        7782198                     5360129                     0                           0                           
GPU 0     1410         1512         0                           74                71           259.205           17400196170             0            N/A          100               0                 0                 0                 0.000             99.000            0                 0                 0                 0                           0                           0                           97156836907392              94356903140384              444               0.997        0.000        0.000        0.000        0.000        0.000        0.000        0.000        1145861                     1211314                     0                           0                           
GPU 0     1410         1512         0                           74                71           261.664           17400222434             0            N/A          100               0                 0                 0                 0.000             99.000            0                 0                 0                 0                           0                           0                           97156836907392              94356903140384              444               0.997        0.789        0.187        0.000        0.000        0.000        0.000        0.000        7468390                     5176179                     0                           0                           
GPU 0     1410         1512         0                           74                71           259.323           17400248578             0            N/A          100               0                 0                 0                 0.000             99.000            0                 0                 0                 0                           0                           0                           97156836907392              94356903140384              444               0.997        0.790        0.186        0.000        0.000        0.000        0.000        0.000        1137636                     1211249                     0                           0                           
GPU 0     1410         1512         0                           74                71           259.027           17400274646             0            N/A          100               0                 0                 0                 0.000             99.000            0                 0                 0                 0                           0                           0                           97156836907392              94356903140384              444               0.997        0.794        0.187        0.000        0.000        0.000        0.000        0.000        6869283                     4721331                     0                           0                           
GPU 0     1410         1512         0                           74                71           261.869           17400300948             0            N/A          100               0                 0                 0                 0.000             99.000            0                 0                 0                 0                           0                           0                           97156836907392              94356903140384              444               0.998        0.790        0.185        0.000        0.000        0.000        0.000        0.000        5218631                     3924001                     0                           0                           
GPU 0     1410         1512         0                           74                71           259.529           17400327108             0            N/A          100               0                 0                 0                 0.000             99.000            0                 0                 0                 0                           0                           0                           97156836907392              94356903140384              444               0.997        0.790        0.185        0.000        0.000        0.000        0.000        0.000        8178301                     5613021                     0                           0                           
GPU 0     1410         1512         0                           74                71           258.257           17400353285             0            N/A          100               0                 0                 0                 0.000             99.000            0                 0                 0                 0                           0                           0                           97156836907392              94356903140384              444               0.997        0.000        0.000        0.000        0.000        0.000        0.000        0.000        5222485                     3945480                     0                           0                           
GPU 0     1410         1512         0                           74                71           262.350           17400379429             0            N/A          100               0                 0                 0                 0.000             99.000            0                 0                 0                 0                           0                           0                           97156836907392              94356903140384              444               0.997        0.794        0.186        0.000        0.000        0.000        0.000        0.000        4071702                     2869003                     0                           0                           
